GenderCode,(All),,,,
,,,,,
Count of FirstName,Column Labels,,,,
Row Labels,HIGH,LOW,MED,VERY HIGH,Grand Total
BPC,22,35,83,10,150
CCDR,26,40,70,9,145
EW,17,43,81,13,154
MSC,17,37,91,12,157
NEL,24,40,75,15,154
PL,17,41,69,16,143
PYZ,22,45,76,14,157
SVG,32,40,79,16,167
TNS,22,43,73,12,150
WBL,16,38,87,15,156
Grand Total,215,402,784,132,1533
